# A tibble: 30 × 10
   dose   time     n mean_ecg ecg_low ecg_high group mean_decg decg_low
   <fct> <dbl> <int>    <dbl>   <dbl>    <dbl> <chr>     <dbl>    <dbl>
 1 0       0.5    20     388.    385.     390. 0          3.37    0.875
 2 0       1      20     389.    386.     392. 0          4.39    1.05 
 3 0       1.5    20     386.    383.     389. 0          1.66   -1.37 
 4 0       2      20     393.    390.     396. 0          8.78    5.66 
 5 0       3      20     391.    387.     394. 0          6.10    2.94 
 6 0       4      20     386.    384.     389. 0          1.80   -0.971
 7 0       6      20     382.    379.     384. 0         -3.00   -5.22 
 8 0       8      20     379.    376.     382. 0         -5.68   -8.66 
 9 0      12      20     387.    384.     391. 0          2.75   -0.812
10 0      24      20     389.    386.     391. 0          4.04    1.92 
# ℹ 20 more rows
# ℹ 1 more variable: decg_high <dbl> 
