# A tibble: 13 × 8
   Parameters      Value Std.Error    DF `t-value` `p-value`        CIl       CIu
   <chr>           <dbl>     <dbl> <dbl>     <dbl>     <dbl>      <dbl>     <dbl>
 1 (Intercept)  2.97     0.626       890    4.74    2.43e- 6  1.74       4.20    
 2 CONC         0.000124 0.0000157   890    7.91    7.44e-15  0.0000936  0.000155
 3 deltaQTCFBL  6.94     0.996        97    6.97    3.89e-10  4.97       8.92    
 4 D - A2Ai     0.0583   0.816        97    0.0714  9.43e- 1 -1.56       1.68    
 5 1 HR         0.229    0.694       890    0.330   7.41e- 1 -1.13       1.59    
 6 1.5 HR       1.00     0.674       890    1.49    1.36e- 1 -0.318      2.33    
 7 2 HR         2.70     0.692       890    3.90    1.02e- 4  1.34       4.06    
 8 3 HR         2.46     0.672       890    3.66    2.71e- 4  1.14       3.78    
 9 4 HR         0.729    0.823       890    0.886   3.76e- 1 -0.886      2.34    
10 6 HR        -4.67     0.820       890   -5.70    1.62e- 8 -6.28      -3.06    
11 8 HR        -8.33     0.818       890  -10.2     4.21e-23 -9.93      -6.72    
12 12 HR       -1.27     0.818       890   -1.56    1.20e- 1 -2.88       0.331   
13 24 HR       -1.11     0.826       890   -1.35    1.79e- 1 -2.73       0.509   
